12345678:[1, 2, 1, 2, 1, 2, 1, 2, 1]
12345687:[1, 2, 1, 2, 1, 2, 1, 1, 2]
12345768:[1, 2, 1, 2, 1, 2, 2, 1, 1]
12345786:[1, 2, 1, 2, 1, 2, 1, 1, 2]
12345867:[1, 2, 1, 2, 1, 2, 2, 1, 1]
12345876:[1, 2, 1, 2, 1, 2, 1, 2, 1]
12346578:[1, 2, 1, 2, 1, 1, 2, 2, 1]
12346587:[1, 2, 1, 2, 1, 1, 2, 1, 2]
12346758:[1, 2, 1, 2, 1, 2, 2, 1, 1]
12346785:[1, 2, 1, 2, 1, 1, 2, 1, 2]
12346857:[1, 2, 1, 2, 1, 2, 2, 1, 1]
12346875:[1, 2, 1, 2, 1, 1, 2, 2, 1]
12347568:[1, 2, 1, 2, 1, 1, 2, 2, 1]
12347586:[1, 2, 1, 2, 1, 1, 1, 2, 2]
12347658:[1, 2, 1, 2, 1, 2, 1, 2, 1]
12347685:[1, 2, 1, 2, 1, 1, 1, 2, 2]
12347856:[1, 2, 1, 2, 1, 2, 1, 2, 1]
12347865:[1, 2, 1, 2, 1, 1, 2, 2, 1]
12348567:[1, 2, 1, 2, 1, 1, 2, 1, 2]
12348576:[1, 2, 1, 2, 1, 1, 1, 2, 2]
12348657:[1, 2, 1, 2, 1, 2, 1, 1, 2]
12348675:[1, 2, 1, 2, 1, 1, 1, 2, 2]
12348756:[1, 2, 1, 2, 1, 2, 1, 1, 2]
12348765:[1, 2, 1, 2, 1, 1, 2, 1, 2]